8 25
8 25
7 25
7 25
6 25
8 25
8 25
8 25
8 25
7 25
6 25
7 25
8 25
8 25
8 25
8 25
7 25
6 25
7 25
7 25
6 25
8 25
8 25
7 25
6 25
8 25
8 25
8 25
8 25
7 25
7 25
6 25
8 25
8 25
7 25
7 25
6 25
7 25
6 25
7 25
7 25
6 25
8 25
8 25
8 25
8 25
7 25
7 25
6 25
7 25
6 25
7 25
8 25
8 25
7 25
7 25
6 25
8 25
8 25
7 25
6 25
8 25
8 25
7 25
6 25
7 25
7 25
6 25
8 25
8 25
7 25
7 25
6 25
8 25
8 25
7 25
6 25
7 25
7 25
6 25
8 25
8 25
7 25
7 25
6 25
7 25
8 25
8 25
7 25
8 25
8 25
7 25
6 25
7 25
8 25
8 25
8 25
8 25
7 25
8 25
8 25
7 25
7 25
6 25
8 25
8 25
8 25
8 25
7 25
6 25
7 25
8 25
8 25
8 25
8 25
7 25
6 25
7 25
7 25
6 25
8 25
8 25
7 25
6 25
8 25
8 25
8 25
8 25
7 25
7 25
6 25
8 25
8 25
7 25
7 25
6 25
7 25
6 25
7 25
7 25
6 25
8 25
8 25
8 25
8 25
7 25
7 25
6 25
7 25
6 25
7 25
8 25
8 25
7 25
7 25
6 25
8 25
8 25
7 25
6 25
8 25
8 25
7 25
6 25
7 25
7 25
6 25
8 25
8 25
7 25
7 25
6 25
8 25
8 25
7 25
6 25
7 25
7 25
6 25
8 25
8 25
7 25
7 25
6 25
7 25
8 25
8 25
7 25
8 25
8 25
7 25
6 25
7 25
8 25
8 25
8 25
8 25
7 25
